instance_id,num_cities,city_coordinates,distance_matrix
0,5,"[[35.8791711121738, 37.576690035704495], [92.08423493733548, 98.12980569169311], [90.13099156177714, 29.50978416379433], [97.58696892208974, 13.037111192483653], [89.67767409752675, 76.36340137831009]]","[[0.0, 82.61772821397373, 54.84829069754369, 62.47923091280915, 66.3226047455891], [82.61772821397373, 0.0, 68.64781507210157, 85.27043296737013, 21.89903860468217], [54.84829069754369, 68.64781507210157, 0.0, 18.08149753801502, 46.85581012860371], [62.47923091280915, 85.27043296737013, 18.08149753801502, 0.0, 5.410795353137061], [66.3226047455891, 21.89903860468217, 46.85581012860371, 5.410795353137061, 0.0]]"
1,3,"[[39.70055154873553, 11.718105874555684], [18.2686098536602, 51.58113657044191], [56.18969829657785, 66.28649404063147]]","[[0.0, 45.259135443380664, 57.00527122569805], [45.259135443380664, 0.0, 40.672552010190394], [57.00527122569805, 40.672552010190394, 0.0]]"
2,2,"[[12.312617189552189, 28.934106011528915], [48.591867257323294, 12.426706248616071]]","[[0.0, 39.85822665915387], [39.85822665915387, 0.0]]"
3,8,"[[13.0414640553145, 42.24874189937573], [78.28006557224597, 57.756272669769125], [5.83899451020603, 87.88905433624664], [68.45207772046093, 6.804770918712388], [8.256481393967618, 19.410706338628625], [60.57377870411732, 92.53991092052398], [73.08890296951589, 5.516558706271146], [53.69282122682567, 5.523600842123921]]","[[0.0, 67.05638402478672, 27.946015345659962, 65.77698066669082, 23.333922245163578, 48.240958862298505, 70.3913929560038, 54.783837265755814], [67.05638402478672, 0.0, 78.45822651306314, 51.89070124697461, 17.953017485718256, 56.763302956283624, 89.06196448449337, 57.73027447324223], [27.946015345659962, 78.45822651306314, 0.0, 20.860612626979734, 68.521006905299, 56.818680909878964, 106.33803752230848, 53.188507962013304], [65.77698066669082, 51.89070124697461, 20.860612626979734, 0.0, 32.64142078692295, 86.09635199310802, 53.75277765436655, 40.051651503729154], [23.333922245163578, 17.953017485718256, 68.521006905299, 32.64142078692295, 0.0, 89.91651772961018, 66.3045264350735, 47.5111847513616], [48.240958862298505, 56.763302956283624, 56.818680909878964, 86.09635199310802, 89.91651772961018, 0.0, 87.91866790383185, 87.28794759567074], [70.3913929560038, 89.06196448449337, 106.33803752230848, 53.75277765436655, 66.3045264350735, 87.91866790383185, 0.0, 19.396083021084387], [54.783837265755814, 57.73027447324223, 53.188507962013304, 40.051651503729154, 47.5111847513616, 87.28794759567074, 19.396083021084387, 0.0]]"
4,7,"[[16.734258079444942, 97.30071438768894], [12.461081107933625, 55.31628224982653], [1.1944812119823012, 44.00863976930049], [5.377408462528233, 19.27922980779101], [79.23088005796933, 48.60901397834677], [52.402834127393184, 91.66071857053181], [34.99854071339627, 91.44754924110771]]","[[0.0, 42.201333905086805, 55.51152927295743, 64.09490016122639, 79.2256867908364, 36.11172759791225, 19.17924822212824], [42.201333905086805, 0.0, 15.962426246747313, 36.726660164753376, 19.01220483208381, 54.002422961727454, 42.58409961315497], [55.51152927295743, 15.962426246747313, 0.0, 16.0749630465954, 78.17188105523125, 69.95009665746024, 58.25087613632483], [64.09490016122639, 36.726660164753376, 16.0749630465954, 0.0, 79.46427817698974, 86.31610842984357, 78.0107544230451], [79.2256867908364, 19.01220483208381, 78.17188105523125, 79.46427817698974, 0.0, 50.72665292275718, 61.57629371237179], [36.11172759791225, 54.002422961727454, 69.95009665746024, 86.31610842984357, 50.72665292275718, 0.0, 17.4055988234678], [19.17924822212824, 42.58409961315497, 58.25087613632483, 78.0107544230451, 61.57629371237179, 17.4055988234678, 0.0]]"
5,7,"[[74.60038280021422, 79.20928079813486], [46.584524196208264, 50.60557672825564], [32.29655514525746, 67.65564043885097], [64.78081475289981, 18.13415386682925], [53.98855251205082, 34.78620299819476], [96.82125558301425, 49.07673841947915], [7.484313784665197, 54.69556516353191]]","[[0.0, 40.038234474522966, 43.853169096565395, 8.763215800208368, 34.66417773548211, 7.6238067704591765, 71.45270445766288], [40.038234474522966, 0.0, 22.24524066258416, 37.22228220661794, 17.466316741463803, 50.2599893255508, 27.29114597512488], [43.853169096565395, 22.24524066258416, 0.0, 59.22503486330449, 79.06885820964271, 67.1462029218903, 90.6906402602323], [8.763215800208368, 37.22228220661794, 59.22503486330449, 0.0, 19.8434791442596, 44.542489685534555, 67.96782929599537], [34.66417773548211, 17.466316741463803, 79.06885820964271, 19.8434791442596, 0.0, 45.153735781132255, 50.586825571923676], [7.6238067704591765, 50.2599893255508, 67.1462029218903, 44.542489685534555, 45.153735781132255, 0.0, 99.74870622585657], [71.45270445766288, 27.29114597512488, 90.6906402602323, 67.96782929599537, 50.586825571923676, 99.74870622585657, 0.0]]"
6,3,"[[10.982289364489194, 81.09967699274029], [26.985812608969084, 61.02568172713404], [85.1558965294139, 18.42211858231878]]","[[0.0, 25.672515306455463, 97.10921855389616], [25.672515306455463, 0.0, 72.10285886111488], [97.10921855389616, 72.10285886111488, 0.0]]"
7,10,"[[4.337714796873515, 81.71307508124819], [56.15815189587396, 93.20460473361305], [0.019265308435933992, 60.432956280167716], [11.944247270960219, 10.391097936683025], [53.394216435078334, 16.960349564089228], [53.66202437912252, 45.463690467532736], [3.2022793006586836, 13.68104878136952], [68.35164440701419, 58.213525373696015], [22.991095517909155, 92.25879479696826], [73.81336218161726, 59.60158189741481]]","[[0.0, 53.07930816130371, 21.713877179635276, 71.72645090961362, 81.23703474942769, 61.21197105663738, 68.04150069063327, 68.19099662411278, 35.75304422504172, 72.59837007009942], [53.07930816130371, 0.0, 65.00427316441154, 41.448265533616876, 76.29433652366933, 95.39248333248895, 95.54224402645292, 37.05478234170652, 33.180539254438756, 53.40086252465486], [21.713877179635276, 65.00427316441154, 0.0, 51.443102368305105, 68.83860067187811, 63.61951874380253, 69.00931387071925, 68.36841307811976, 77.0268221845809, 99.15045763151882], [71.72645090961362, 41.448265533616876, 51.443102368305105, 0.0, 41.96730883259637, 54.50192357780894, 9.34054498165023, 83.9894691422219, 4.779629536647825, 79.05352055081119], [81.23703474942769, 76.29433652366933, 68.83860067187811, 41.96730883259637, 0.0, 28.50459899301881, 50.29894995851385, 43.88107981709174, 81.20471424734461, 47.27807322557731], [61.21197105663738, 95.39248333248895, 63.61951874380253, 54.50192357780894, 28.50459899301881, 0.0, 59.634907444671995, 19.451046930647607, 82.22486011692988, 24.61618145272306], [68.04150069063327, 95.54224402645292, 69.00931387071925, 9.34054498165023, 50.29894995851385, 59.634907444671995, 0.0, 78.91502547175233, 81.03122494552368, 84.22956955418574], [68.19099662411278, 37.05478234170652, 68.36841307811976, 83.9894691422219, 43.88107981709174, 19.451046930647607, 78.91502547175233, 0.0, 56.715604251599785, 5.635340447786048], [35.75304422504172, 33.180539254438756, 77.0268221845809, 4.779629536647825, 81.20471424734461, 82.22486011692988, 81.03122494552368, 56.715604251599785, 0.0, 60.41023376220139], [72.59837007009942, 53.40086252465486, 99.15045763151882, 79.05352055081119, 47.27807322557731, 24.61618145272306, 84.22956955418574, 5.635340447786048, 60.41023376220139, 0.0]]"
8,9,"[[49.63419140012003, 53.80502508692649], [8.196605497519482, 41.90197439649257], [59.31687666598473, 70.08717585699645], [30.659152467354676, 43.892028516753754], [35.4644543756338, 20.783186829238364], [51.59122218586103, 39.48102606309772], [85.78263020458988, 93.09038634389252], [94.97502298193203, 50.12166975313146], [14.009382342760613, 85.63938882511603]]","[[0.0, 43.113294251013095, 18.94367513596776, 21.408400302222898, 46.74455695069414, 14.457071540633171, 96.0182623646672, 45.49019801061803, 47.776079108573505], [43.113294251013095, 0.0, 58.375403259477444, 16.691809391357058, 54.55340544276898, 43.46209553577758, 74.57569129123105, 87.16683505126791, 44.1219876654909], [18.94367513596776, 58.375403259477444, 0.0, 38.82590501742066, 54.77062518509826, 31.566155013761538, 35.06542175806012, 63.877597141036645, 47.90240463749949], [21.408400302222898, 16.691809391357058, 38.82590501742066, 0.0, 23.60316696056612, 21.391785464204947, 73.88556158502587, 64.61686799885814, 44.94504353004953], [46.74455695069414, 54.55340544276898, 54.77062518509826, 23.60316696056612, 0.0, 24.69173610786069, 19.449266093865887, 25.51809138362892, 87.45096328967443], [14.457071540633171, 43.46209553577758, 31.566155013761538, 21.391785464204947, 24.69173610786069, 0.0, 63.58471429533402, 69.51154200228002, 59.52301352302761], [96.0182623646672, 74.57569129123105, 35.06542175806012, 73.88556158502587, 19.449266093865887, 63.58471429533402, 0.0, 43.94099100418739, 72.15896668232155], [45.49019801061803, 87.16683505126791, 63.877597141036645, 64.61686799885814, 25.51809138362892, 69.51154200228002, 43.94099100418739, 0.0, 88.41347935800209], [47.776079108573505, 44.1219876654909, 47.90240463749949, 44.94504353004953, 87.45096328967443, 59.52301352302761, 72.15896668232155, 88.41347935800209, 0.0]]"
9,4,"[[24.421559082733147, 15.478623938731662], [91.41197162744686, 9.203204280802824], [41.16947105869634, 22.231949389466223], [60.83703851511625, 81.91594258446649]]","[[0.0, 67.28369984471763, 18.05823801477183, 24.80264639214873], [67.28369984471763, 0.0, 91.32460595860849, 78.87945769616174], [18.05823801477183, 91.32460595860849, 0.0, 62.84100773661786], [24.80264639214873, 78.87945769616174, 62.84100773661786, 0.0]]"
10,6,"[[57.79733513551787, 16.79981988113782], [52.5159047989269, 73.96969404877086], [25.60307406628606, 35.0691787721718], [29.763979477273228, 46.919344168786736], [92.84479460987261, 38.73814865534546], [29.915393360301778, 57.62013627822091]]","[[0.0, 48.08856719351499, 37.016751884562446, 41.14674680671499, 19.30620886877826, 49.43380329202388], [48.08856719351499, 0.0, 81.47040315654407, 35.346450097169054, 53.5507343011503, 27.894285374964802], [37.016751884562446, 81.47040315654407, 0.0, 12.559440822198745, 82.20503334935474, 22.95956842218888], [41.14674680671499, 35.346450097169054, 12.559440822198745, 0.0, 63.60912825862599, 10.701863292590804], [19.30620886877826, 53.5507343011503, 82.20503334935474, 63.60912825862599, 0.0, 65.70113391882904], [49.43380329202388, 27.894285374964802, 22.95956842218888, 10.701863292590804, 65.70113391882904, 0.0]]"
11,2,"[[41.53471981295858, 61.30927355500003], [70.09776906506404, 94.33980963022874]]","[[0.0, 43.667655032016405], [43.667655032016405, 0.0]]"
12,9,"[[85.20338775419766, 50.80389307560036], [19.563130697096863, 33.95441028319549], [53.245781911169324, 30.225931576909748], [45.831143881141486, 75.12256854778029], [97.20067576284865, 71.65208834339161], [23.004330507185045, 26.658123510154972], [30.65027640378816, 55.38451830497381], [20.521749955541978, 82.62910341213541], [9.186861331090634, 0.8359250100626103]]","[[0.0, 67.76834376678995, 32.32296268866902, 46.277117070109455, 24.053734959179923, 66.72136771923026, 54.74508275180659, 72.08715753364937, 90.9687315621886], [67.76834376678995, 0.0, 33.888383647971224, 48.834677960799986, 86.30587080243632, 8.067072381440306, 24.128288993347425, 91.22154729886222, 34.70592215663832], [32.32296268866902, 33.888383647971224, 0.0, 45.50477852281532, 76.64396841367508, 30.45118449946969, 33.81584473715855, 61.78150763638832, 52.9618822237371], [46.277117070109455, 48.834677960799986, 45.50477852281532, 0.0, 51.48662970708786, 53.57112880661039, 24.90079044433162, 45.96142993061734, 9.51375486574158], [24.053734959179923, 86.30587080243632, 76.64396841367508, 51.48662970708786, 0.0, 86.77300571440504, 68.50977660017048, 77.4606514482151, 42.32373694971287], [66.72136771923026, 8.067072381440306, 30.45118449946969, 53.57112880661039, 86.77300571440504, 0.0, 29.726524293323916, 54.035110336213144, 29.28665890487495], [54.74508275180659, 24.128288993347425, 33.81584473715855, 24.90079044433162, 68.50977660017048, 29.726524293323916, 0.0, 29.06638033319928, 88.88077572302899], [72.08715753364937, 91.22154729886222, 61.78150763638832, 45.96142993061734, 77.4606514482151, 54.035110336213144, 29.06638033319928, 0.0, 82.57483716751746], [90.9687315621886, 34.70592215663832, 52.9618822237371, 9.51375486574158, 42.32373694971287, 29.28665890487495, 88.88077572302899, 82.57483716751746, 0.0]]"
13,6,"[[20.678883716054443, 5.563929166126547], [70.62267798832241, 29.3272941496306], [76.6759562411294, 14.066458553224159], [51.80395469371665, 67.12736573220532], [11.078673246588577, 35.844946316930795], [60.006008726844705, 44.08974582879932]]","[[0.0, 19.672330943840084, 56.63890127250848, 68.9842501241415, 31.76639798191389, 55.05325886030908], [19.672330943840084, 0.0, 16.41752967734342, 42.225463385103424, 59.89965183920132, 18.183609261843397], [56.63890127250848, 16.41752967734342, 0.0, 58.60099258230151, 84.1005517052171, 34.34071823594725], [68.9842501241415, 42.225463385103424, 58.60099258230151, 0.0, 51.35307501426704, 24.45415345449849], [31.76639798191389, 59.89965183920132, 84.1005517052171, 51.35307501426704, 0.0, 49.61714296680571], [55.05325886030908, 18.183609261843397, 34.34071823594725, 24.45415345449849, 49.61714296680571, 0.0]]"
14,5,"[[15.765633687200676, 85.53907783532311], [89.94388211246176, 65.86782888102107], [77.10524242953325, 12.868590994469875], [30.986088840835137, 50.09144075805916], [97.88857799326686, 69.69128651771591]]","[[0.0, 40.84198311399577, 93.37782691135286, 38.57715942685796, 83.6380922256341], [40.84198311399577, 0.0, 54.53209958788777, 61.03208836068283, 8.816860038476374], [93.37782691135286, 54.53209958788777, 0.0, 59.266490298149634, 60.50426235962454], [38.57715942685796, 61.03208836068283, 59.266490298149634, 0.0, 69.71439599246041], [83.6380922256341, 8.816860038476374, 60.50426235962454, 69.71439599246041, 0.0]]"
15,6,"[[54.35100166677807, 10.787718840690497], [75.5514956243776, 77.21099487616814], [61.939020225777554, 10.643978307074919], [79.22084686230446, 16.496773959079704], [50.70133820565409, 2.0062190218721354], [17.4986365458903, 15.619791792850767]]","[[0.0, 46.48451933608232, 7.589379881961683, 25.5167104148292, 6.686182035353776, 37.16780520851648], [46.48451933608232, 0.0, 63.01961739047931, 60.82500111036822, 79.20409481226487, 84.6381163804887], [7.589379881961683, 63.01961739047931, 0.0, 14.51309095874792, 14.17379210566153, 68.20080933303858], [25.5167104148292, 60.82500111036822, 14.51309095874792, 0.0, 72.01403554071901, 61.72844031776233], [6.686182035353776, 79.20409481226487, 14.17379210566153, 72.01403554071901, 0.0, 35.88521646998959], [37.16780520851648, 84.6381163804887, 68.20080933303858, 61.72844031776233, 35.88521646998959, 0.0]]"
16,8,"[[63.09694162005635, 76.26158303612397], [91.28472103920028, 16.753481397603398], [92.5895082428818, 31.89019654751152], [71.76702586931063, 9.452341215009575], [33.27316350614783, 83.5197620405964], [16.115952790593514, 77.03091987776453], [8.333865157379938, 50.64375394565139], [6.548501450987687, 98.84940553176608]]","[[0.0, 65.84652662975328, 53.278808403751086, 1.2569507015958052, 30.694281282489953, 49.808046990827435, 60.45881003597082, 43.39069572680224], [65.84652662975328, 0.0, 15.19284750059544, 20.838595747089578, 88.44816017481402, 96.35202805204653, 89.60689183822583, 117.98291261680218], [53.278808403751086, 15.19284750059544, 0.0, 30.61099678416187, 78.63867233067843, 88.80253141826904, 86.31749131454647, 109.02564155995528], [1.2569507015958052, 20.838595747089578, 30.61099678416187, 0.0, 23.347552296000543, 7.0025002396902245, 75.63397623192706, 110.65844312910646], [30.694281282489953, 88.44816017481402, 78.63867233067843, 23.347552296000543, 0.0, 4.875063843892227, 41.265003457987824, 30.80917933877625], [49.808046990827435, 96.35202805204653, 88.80253141826904, 7.0025002396902245, 4.875063843892227, 0.0, 97.24255438443784, 23.8239887795809], [60.45881003597082, 89.60689183822583, 86.31749131454647, 75.63397623192706, 41.265003457987824, 97.24255438443784, 0.0, 48.23870197679437], [43.39069572680224, 117.98291261680218, 109.02564155995528, 110.65844312910646, 30.80917933877625, 23.8239887795809, 48.23870197679437, 0.0]]"
17,8,"[[70.87508137590558, 14.425703712383397], [71.88370518895267, 42.718316958745504], [58.906872461598866, 1.907182286999387], [8.119549076891152, 88.3043095653057], [60.53530687659132, 37.32816824486158], [78.5889633740683, 99.75429697432617], [68.41228870872114, 41.457743729326815], [26.625665744371616, 50.54434443226364]]","[[0.0, 28.310586117289596, 17.319105152815755, 96.9345409898045, 87.36216273345843, 85.67655924197496, 27.14399630119279, 57.11888471586288], [28.310586117289596, 0.0, 42.824606254221635, 78.38335490784198, 12.563432947001013, 57.42876895482591, 94.20916474868969, 45.92969453832145], [17.319105152815755, 42.824606254221635, 0.0, 100.21883963869638, 65.55260919847613, 99.80702658290944, 40.67677283701809, 58.37507900350186], [96.9345409898045, 78.38335490784198, 100.21883963869638, 0.0, 73.11619963892214, 25.738041283307666, 76.35322640816396, 42.051056121802105], [87.36216273345843, 12.563432947001013, 65.55260919847613, 73.11619963892214, 0.0, 64.98427549089531, 21.63689802006129, 78.6712242606752], [85.67655924197496, 57.42876895482591, 99.80702658290944, 25.738041283307666, 64.98427549089531, 0.0, 50.383048105828934, 71.56677811488014], [27.14399630119279, 94.20916474868969, 40.67677283701809, 76.35322640816396, 21.63689802006129, 50.383048105828934, 0.0, 42.76316371714463], [57.11888471586288, 45.92969453832145, 58.37507900350186, 42.051056121802105, 78.6712242606752, 71.56677811488014, 42.76316371714463, 0.0]]"
18,2,"[[12.851715482136427, 90.35636164616238], [49.522416486111375, 99.64822942313499]]","[[0.0, 37.82960638055425], [37.82960638055425, 0.0]]"
19,10,"[[73.87002625481048, 27.197406372355903], [5.1594222413419715, 41.258625757955826], [77.86173941789012, 2.5502293321617797], [43.86444470817362, 74.1546103423881], [68.77658354049416, 30.75360015071855], [86.22743885902058, 8.482759343592372], [28.72583212763249, 99.63927090450734], [39.80887893075003, 82.77948820978128], [14.684169781854228, 1.2239342291625377], [90.352743051035, 67.36574444250238]]","[[0.0, 18.26133256907822, 24.96832213079156, 55.72534368341825, 6.212058666278616, 43.21988342144839, 85.35702666029853, 65.18841598331412, 64.63425455291195, 75.41582226242726], [18.26133256907822, 0.0, 82.364840051419, 50.795910917485756, 71.0953199973646, 87.4430142294764, 62.957727108403624, 17.643869367398324, 1.0410510711738938, 89.10377969868773], [24.96832213079156, 82.364840051419, 0.0, 79.26539867708341, 29.63056163567613, 57.69425801692871, 79.37379683546274, 88.79613826797781, 63.19148964707513, 21.113402052646837], [55.72534368341825, 50.795910917485756, 79.26539867708341, 0.0, 92.28252112971354, 78.14995385176321, 29.64195531388161, 9.530799127169669, 60.66902033600871, 46.98138549491191], [6.212058666278616, 71.0953199973646, 29.63056163567613, 92.28252112971354, 0.0, 28.29350988485696, 79.68248442370653, 59.54679620845706, 63.01287797221582, 1.6291591760722142], [43.21988342144839, 87.4430142294764, 57.69425801692871, 78.14995385176321, 28.29350988485696, 0.0, 84.55174111221615, 87.60528880170666, 8.872001187712945, 59.02731629368821], [85.35702666029853, 62.957727108403624, 79.37379683546274, 29.64195531388161, 79.68248442370653, 84.55174111221615, 0.0, 90.9048015975461, 50.20501879494154, 69.56620343424473], [65.18841598331412, 17.643869367398324, 88.79613826797781, 9.530799127169669, 59.54679620845706, 87.60528880170666, 90.9048015975461, 0.0, 85.33791299828128, 52.84189339088031], [64.63425455291195, 1.0410510711738938, 63.19148964707513, 60.66902033600871, 63.01287797221582, 8.872001187712945, 50.20501879494154, 85.33791299828128, 0.0, 55.60062359908221], [75.41582226242726, 89.10377969868773, 21.113402052646837, 46.98138549491191, 1.6291591760722142, 59.02731629368821, 69.56620343424473, 52.84189339088031, 55.60062359908221, 0.0]]"
20,8,"[[11.677477373085887, 94.80072399227602], [73.62339505834463, 65.4078213564784], [62.86842634776224, 80.50000960097385], [9.990835571716005, 83.09791668891296], [3.5031377272824793, 21.97429658992981], [26.98722996231502, 79.423759192358], [70.19692187737166, 45.840056653350814], [6.133232600312278, 12.283555641679843]]","[[0.0, 13.155532104238373, 81.80123809845512, 11.823724427851657, 39.23909761842442, 21.698838005785603, 76.29988421592185, 82.70321470596569], [13.155532104238373, 0.0, 18.532228629414572, 42.73800800626017, 10.108629424481466, 38.36816758130499, 19.86550109956687, 85.89010208602689], [81.80123809845512, 18.532228629414572, 0.0, 52.94137066148339, 83.36364061414278, 35.89733373097612, 35.42624994349456, 84.93300534496782], [11.823724427851657, 42.73800800626017, 52.94137066148339, 0.0, 74.26830429163934, 3.8886036381136333, 70.80198417186907, 38.42329568187447], [39.23909761842442, 10.108629424481466, 83.36364061414278, 74.26830429163934, 0.0, 62.06402614567727, 89.87292288733435, 12.589609665534347], [21.698838005785603, 38.36816758130499, 35.89733373097612, 3.8886036381136333, 62.06402614567727, 0.0, 54.726068300423606, 84.80881028384293], [76.29988421592185, 19.86550109956687, 35.42624994349456, 70.80198417186907, 89.87292288733435, 54.726068300423606, 0.0, 72.3200874165255], [82.70321470596569, 85.89010208602689, 84.93300534496782, 38.42329568187447, 12.589609665534347, 84.80881028384293, 72.3200874165255, 0.0]]"
21,3,"[[44.957251290648706, 89.40904039890128], [98.568978155716, 52.3637333483733], [95.97502046316045, 11.224772238921311]]","[[0.0, 65.16572743338692, 93.3573380032408], [65.16572743338692, 0.0, 41.22065911258299], [93.3573380032408, 41.22065911258299, 0.0]]"
22,6,"[[84.38754358389671, 60.05135023240064], [40.29829021948002, 49.745327805524376], [54.642869772105854, 0.1927258551909783], [93.97791111440938, 81.19711386637015], [75.5574604907176, 94.3486811737262], [62.28447575808568, 63.28252148898743]]","[[0.0, 45.2777689434341, 66.84160779411067, 23.218924803573895, 86.59552770649562, 9.81884298333182], [45.2777689434341, 0.0, 51.587084842911956, 62.215082944898086, 55.366619520435314, 25.819526861691024], [66.84160779411067, 51.587084842911956, 0.0, 2.482248336622744, 2.7908738558518573, 63.55089657242582], [23.218924803573895, 62.215082944898086, 2.482248336622744, 0.0, 22.63353096226445, 36.557018317183896], [86.59552770649562, 55.366619520435314, 2.7908738558518573, 22.63353096226445, 0.0, 33.78281221672301], [9.81884298333182, 25.819526861691024, 63.55089657242582, 36.557018317183896, 33.78281221672301, 0.0]]"
23,9,"[[41.71425710474749, 20.014545501255277], [35.32139341285316, 91.56624158754659], [94.71575556466692, 41.16416842958197], [93.46945699488522, 98.27997004474835], [87.91007885973053, 14.812327547841775], [40.374211578681674, 89.29333896264176], [30.52482631448633, 75.72497572423288], [70.02015797522525, 26.45800557741156], [12.003671371859026, 53.62144599105051]]","[[0.0, 71.83671706730574, 57.065448294105636, 93.8300452661157, 46.48781581503892, 13.529170310061929, 56.82301819719981, 29.030022422353266, 44.856913236671936], [71.83671706730574, 0.0, 77.89774858133978, 58.534361260178486, 95.5161395131236, 5.540492555651156, 16.55151836180969, 73.77727738610562, 44.536767664940974], [57.065448294105636, 77.89774858133978, 0.0, 57.12939746109775, 27.216479442952714, 72.59077392466016, 58.983291485537684, 50.39227174266885, 34.50189399971945], [93.8300452661157, 58.534361260178486, 57.12939746109775, 0.0, 83.65257933405904, 53.850391122189336, 98.33306190423971, 75.55305556005538, 72.46088202260418], [46.48781581503892, 95.5161395131236, 27.216479442952714, 83.65257933405904, 0.0, 59.13965430520569, 83.68642612480389, 66.77677647553378, 85.25215758005072], [13.529170310061929, 5.540492555651156, 72.59077392466016, 53.850391122189336, 59.13965430520569, 0.0, 16.76636129432841, 69.47777529095012, 45.57819105453398], [56.82301819719981, 16.55151836180969, 58.983291485537684, 98.33306190423971, 83.68642612480389, 16.76636129432841, 0.0, 38.827696997242896, 28.837461869493385], [29.030022422353266, 73.77727738610562, 50.39227174266885, 75.55305556005538, 66.77677647553378, 69.47777529095012, 38.827696997242896, 0.0, 72.35705218441925], [44.856913236671936, 44.536767664940974, 34.50189399971945, 72.46088202260418, 85.25215758005072, 45.57819105453398, 28.837461869493385, 72.35705218441925, 0.0]]"
24,10,"[[20.28474398626078, 26.994130959322927], [47.49654412280411, 45.64105301517662], [68.79089019834032, 34.06225274368021], [83.75328355116798, 22.664659039875634], [93.79518761954829, 89.77067681477139], [99.32156997447504, 28.807438146895336], [52.38891577101755, 8.842391101013192], [75.18653786049242, 15.731384730770849], [40.54914365529271, 5.852975217977763], [36.16728167887283, 0.10379910496626232]]","[[0.0, 32.98772148585383, 49.018410479187764, 63.61603446933386, 96.66788521894934, 79.05762420695277, 36.88039460023337, 56.04512845214455, 29.284712052982066, 3.720721298318674], [32.98772148585383, 0.0, 93.15479485642811, 81.74929091266063, 63.960832439332535, 53.79566277035132, 79.43656660766932, 67.5775325648064, 40.390066947851494, 46.92540549858296], [49.018410479187764, 93.15479485642811, 0.0, 18.80899670587847, 61.062618695997294, 30.97959786762031, 43.534166986118215, 19.414557196214787, 39.91690852663621, 47.09008819660626], [63.61603446933386, 81.74929091266063, 18.80899670587847, 0.0, 24.23891930685733, 26.842657096777472, 34.27504423370221, 11.020863141061172, 46.359793108574415, 37.875403418719394], [96.66788521894934, 63.960832439332535, 61.062618695997294, 24.23891930685733, 0.0, 61.21321238759868, 19.741734434835774, 19.10660844475918, 99.38471632566015, 106.58857584812965], [79.05762420695277, 53.79566277035132, 30.97959786762031, 26.842657096777472, 61.21321238759868, 0.0, 32.269843190493745, 27.449643860791948, 63.0960019636646, 69.37119736874514], [36.88039460023337, 79.43656660766932, 43.534166986118215, 34.27504423370221, 19.741734434835774, 32.269843190493745, 0.0, 98.08569352756581, 12.211339446352312, 18.425645244951593], [56.04512845214455, 67.5775325648064, 19.414557196214787, 11.020863141061172, 19.10660844475918, 27.449643860791948, 98.08569352756581, 0.0, 13.110497070243058, 42.03241350979875], [29.284712052982066, 40.390066947851494, 39.91690852663621, 46.359793108574415, 99.38471632566015, 63.0960019636646, 12.211339446352312, 13.110497070243058, 0.0, 32.82556345121274], [3.720721298318674, 46.92540549858296, 47.09008819660626, 37.875403418719394, 106.58857584812965, 69.37119736874514, 18.425645244951593, 42.03241350979875, 32.82556345121274, 0.0]]"
25,4,"[[29.424877984932497, 44.22044370661211], [25.49362192097305, 27.638067309120284], [30.006836773044178, 12.83224669499189], [18.286592008155544, 79.31500805808174]]","[[0.0, 17.042006373326817, 24.134988822113076, 36.81969393571747], [17.042006373326817, 0.0, 15.47841827703027, 52.17707816020287], [24.134988822113076, 15.47841827703027, 0.0, 67.50793802072799], [36.81969393571747, 52.17707816020287, 67.50793802072799, 0.0]]"
26,4,"[[80.08312006854064, 75.72930258897674], [74.98454143371454, 23.075690474841558], [49.55780200240717, 90.26557398957856], [91.17433101773403, 13.72592256750208]]","[[0.0, 15.22244219362552, 33.809735717254114, 62.987570951791035], [15.22244219362552, 0.0, 71.84009691552154, 40.38115901552636], [33.809735717254114, 71.84009691552154, 0.0, 87.12206222936022], [62.987570951791035, 40.38115901552636, 87.12206222936022, 0.0]]"
27,3,"[[63.895148389828194, 38.95060263155933], [35.54614293147256, 66.56718413447298], [11.41351368375425, 41.6572207301414]]","[[0.0, 39.57703481041688, 52.55138212219882], [39.57703481041688, 0.0, 34.68270565012148], [52.55138212219882, 34.68270565012148, 0.0]]"
28,3,"[[23.285727825703095, 31.747062474768317], [93.5925007650447, 84.94493377138105], [74.57146739060154, 29.198122924153914]]","[[0.0, 43.384364261131715, 17.06893016238175], [43.384364261131715, 0.0, 58.90251802994674], [17.06893016238175, 58.90251802994674, 0.0]]"
29,10,"[[38.111385439703014, 5.086998368250828], [67.31585938471649, 61.24529364221161], [37.957396160915046, 88.23445228869963], [33.872851861024444, 61.63613502065608], [49.09841311700461, 24.84966518994236], [68.74472267023572, 5.292220364945943], [8.346277101812504, 16.62054931270739], [31.53155004800454, 42.614706116439336], [44.44436388284454, 1.8048627644772997], [91.41723266336763, 50.240114113330314]]","[[0.0, 76.27975162601541, 83.14759651457845, 56.70775981318596, 98.76748507350563, 60.35157298229629, 61.42116820033755, 11.648748636000251, 7.132953811910822, 69.8592671713726], [76.27975162601541, 0.0, 36.5184795425025, 33.44529128611122, 20.52803268172179, 55.97131461257423, 73.95119634660281, 40.343718052020826, 63.68885404388164, 78.09256274867128], [83.14759651457845, 36.5184795425025, 0.0, 26.91010932027725, 46.38103269925405, 88.47187863996821, 77.49431896201925, 46.07008507793604, 5.686260164916766, 65.58600347828252], [56.70775981318596, 33.44529128611122, 26.91010932027725, 0.0, 92.37175695074863, 40.56812123798406, 51.553750242161456, 19.164979826178328, 49.71318062210061, 58.661955767305344], [98.76748507350563, 20.52803268172179, 46.38103269925405, 92.37175695074863, 0.0, 44.411461379051275, 46.52981059491948, 24.983821909489972, 23.51006365586249, 49.35136659028612], [60.35157298229629, 55.97131461257423, 88.47187863996821, 40.56812123798406, 44.411461379051275, 0.0, 61.45163353264477, 52.704726156981444, 69.94557639606563, 50.34238633402987], [61.42116820033755, 73.95119634660281, 77.49431896201925, 51.553750242161456, 46.52981059491948, 61.45163353264477, 0.0, 34.83178246266516, 39.02020549851482, 89.616174853054], [11.648748636000251, 40.343718052020826, 46.07008507793604, 19.164979826178328, 24.983821909489972, 52.704726156981444, 34.83178246266516, 0.0, 42.804019385390845, 41.48500540934195], [7.132953811910822, 63.68885404388164, 5.686260164916766, 49.71318062210061, 23.51006365586249, 69.94557639606563, 39.02020549851482, 42.804019385390845, 0.0, 67.4716531196532], [69.8592671713726, 78.09256274867128, 65.58600347828252, 58.661955767305344, 49.35136659028612, 50.34238633402987, 89.616174853054, 41.48500540934195, 67.4716531196532, 0.0]]"
30,10,"[[59.39115624478577, 73.9102080795537], [95.82342687382769, 67.19967720060322], [22.645861359786544, 85.23202238188672], [46.59746799704549, 90.19390921669164], [8.418495237525391, 99.84089282702891], [68.36971438477126, 69.3141996661934], [65.1334681213941, 45.41386212636469], [40.63059279157116, 73.35369326219707], [96.0175468158395, 26.557435099476724], [4.577698716003642, 18.16080306028671]]","[[0.0, 36.85161954804409, 38.44996976958581, 40.947387928036186, 57.18926981203752, 10.08651573184607, 29.06915682251669, 18.768815887637373, 68.33458626881927, 73.17730016512812], [36.85161954804409, 0.0, 75.36658123663791, 54.33166418717871, 66.44881477141168, 27.53502378225337, 37.636356182220844, 49.8282516177644, 40.64270568697987, 16.542189441917404], [38.44996976958581, 75.36658123663791, 0.0, 24.460167241198437, 20.392082837704766, 48.41536755472012, 58.22956821464019, 68.23587069291601, 93.94738644274847, 69.46227006518261], [40.947387928036186, 54.33166418717871, 24.460167241198437, 0.0, 39.37890620307138, 30.166089963417612, 63.53178852962796, 17.8660704440489, 90.0398141351594, 83.39322150493942], [57.18926981203752, 66.44881477141168, 20.392082837704766, 39.37890620307138, 0.0, 67.27575843182224, 78.60591466364988, 41.70360859228598, 15.757135397170808, 82.6240547250947], [10.08651573184607, 27.53502378225337, 48.41536755472012, 30.166089963417612, 67.27575843182224, 0.0, 27.635873032537532, 98.67116108566945, 50.917026173472344, 81.76852235063002], [29.06915682251669, 37.636356182220844, 58.22956821464019, 63.53178852962796, 78.60591466364988, 27.635873032537532, 0.0, 12.272711491033196, 36.18551031870418, 66.40580122804], [18.768815887637373, 49.8282516177644, 68.23587069291601, 17.8660704440489, 41.70360859228598, 98.67116108566945, 12.272711491033196, 0.0, 72.50934046120118, 65.92470174421895], [68.33458626881927, 40.64270568697987, 93.94738644274847, 90.0398141351594, 15.757135397170808, 50.917026173472344, 36.18551031870418, 72.50934046120118, 0.0, 91.82455690131376], [73.17730016512812, 16.542189441917404, 69.46227006518261, 83.39322150493942, 82.6240547250947, 81.76852235063002, 66.40580122804, 65.92470174421895, 91.82455690131376, 0.0]]"
31,7,"[[27.130475613121806, 35.448238379772754], [82.47405190575098, 21.89781504656666], [10.344925634239921, 7.58103124572772], [69.1700090913224, 97.85792997844067], [82.13378313766076, 19.76255855791501], [18.616732673329295, 57.924789772165184], [88.17323700765998, 74.25069630706675]]","[[0.0, 56.97828892979468, 32.53207527264917, 75.24820250680803, 57.19619209451656, 24.034957485706624, 72.33152466158819], [56.97828892979468, 0.0, 73.53625741830727, 79.14738693091218, 64.80941005727018, 73.31916616704207, 52.662177006859885], [32.53207527264917, 73.53625741830727, 0.0, 107.75114332817647, 72.81503738448555, 51.018788835684575, 102.47970672591309], [75.24820250680803, 79.14738693091218, 107.75114332817647, 0.0, 79.16404786792026, 48.10594268553365, 30.305513571875373], [57.19619209451656, 64.80941005727018, 72.81503738448555, 79.16404786792026, 0.0, 74.09974082909008, 54.821821918086435], [24.034957485706624, 73.31916616704207, 51.018788835684575, 48.10594268553365, 74.09974082909008, 0.0, 78.69123295949788], [72.33152466158819, 52.662177006859885, 102.47970672591309, 30.305513571875373, 54.821821918086435, 78.69123295949788, 0.0]]"
32,3,"[[4.408762738793803, 0.7007149885515984], [31.094506515117427, 88.61791517364225], [89.43895468877139, 83.24384774754765]]","[[0.0, 91.87797891377943, 18.029806972724128], [91.87797891377943, 0.0, 58.591426278837105], [18.029806972724128, 58.591426278837105, 0.0]]"
33,7,"[[76.00291412440465, 34.1844306713164], [63.910733555031996, 32.0106252911995], [41.0520695376132, 58.30397429114742], [72.11851318394487, 0.8404754492393529], [53.96004983791216, 79.43516290991272], [36.36469886370525, 29.304229636919064], [88.58004867248029, 32.754109436703175]]","[[0.0, 64.06688142789355, 27.419728296535904, 33.56944921380337, 50.334050443828446, 47.105341601899816, 12.658204148874484], [64.06688142789355, 0.0, 76.95551134231086, 32.232683530960394, 48.45722727093347, 27.67866695947051, 24.680516142061904], [27.419728296535904, 76.95551134231086, 0.0, 65.32363752872823, 24.761726270087514, 87.13673496677892, 53.96021121831091], [33.56944921380337, 32.232683530960394, 65.32363752872823, 0.0, 80.66507725236579, 45.70033414432356, 35.90908220668021], [50.334050443828446, 48.45722727093347, 24.761726270087514, 80.66507725236579, 0.0, 53.12915251278592, 58.11768296030174], [47.105341601899816, 27.67866695947051, 87.13673496677892, 45.70033414432356, 53.12915251278592, 0.0, 52.32919286866272], [12.658204148874484, 24.680516142061904, 53.96021121831091, 35.90908220668021, 58.11768296030174, 52.32919286866272, 0.0]]"
34,5,"[[83.33373744474989, 83.23883081309633], [96.09239636259508, 70.55047193564494], [61.04758832802278, 11.422866605682035], [21.080232940106647, 3.616543870487965], [77.12527859146722, 34.54689935098904]]","[[0.0, 6.759840132246863, 75.19444898058372, 101.07030919652269, 49.08614010943881], [6.759840132246863, 0.0, 68.73290538189028, 100.53345407153641, 40.69408796621962], [75.19444898058372, 68.73290538189028, 0.0, 21.17139408353202, 33.23719154273897], [101.07030919652269, 100.53345407153641, 21.17139408353202, 0.0, 64.0135456931832], [49.08614010943881, 40.69408796621962, 33.23719154273897, 64.0135456931832, 0.0]]"
35,4,"[[19.439395837972484, 52.590019011180274], [86.1432927171019, 8.5123244251184], [46.90036945953597, 57.41964749496805], [79.9556325785877, 60.37158317051278]]","[[0.0, 79.95156670687373, 88.09000634087843, 61.0144872142018], [79.95156670687373, 0.0, 62.70512958010578, 71.85995664639924], [88.09000634087843, 62.70512958010578, 0.0, 23.057477163111272], [61.0144872142018, 71.85995664639924, 23.057477163111272, 0.0]]"
36,5,"[[29.173071828362495, 44.18003603488059], [56.743799731378765, 76.86294711390748], [58.7439687535209, 18.335632871883934], [32.08053132355451, 90.23132278375864], [24.305802774752383, 66.47479023618176]]","[[0.0, 42.75883199646289, 86.57081026523944, 46.142977059825405, 11.677319822844456], [42.75883199646289, 0.0, 58.561482123505975, 30.248605138525885, 34.060790505717016], [86.57081026523944, 58.561482123505975, 0.0, 76.68069589855179, 44.36226392119228], [46.142977059825405, 30.248605138525885, 76.68069589855179, 0.0, 24.99638459240933], [11.677319822844456, 34.060790505717016, 44.36226392119228, 24.99638459240933, 0.0]]"
37,5,"[[8.570103406861396, 98.31739718654931], [91.59781804793391, 5.159984141772178], [34.74276134462577, 16.172028423797023], [16.394244332708396, 64.87337481748288], [51.132563540472376, 62.844822833444645]]","[[0.0, 23.731279406997114, 86.21409184521856, 12.213704551509224, 55.40637638270314], [23.731279406997114, 0.0, 57.91167923662429, 55.76914159726544, 93.35872724070201], [86.21409184521856, 57.91167923662429, 0.0, 52.04314764783545, 49.46691170898192], [12.213704551509224, 55.76914159726544, 52.04314764783545, 0.0, 34.797497676304964], [55.40637638270314, 93.35872724070201, 49.46691170898192, 34.797497676304964, 0.0]]"
38,7,"[[18.72265927237703, 42.665565530788584], [1.7709722147372875, 34.21165645259943], [30.9395958224602, 82.79126863163881], [88.57421853434026, 38.397436570304656], [82.96485846464651, 61.02846594499013], [34.131924171893125, 82.31297568996652], [33.18726846488696, 36.786787804447364]]","[[0.0, 18.942763072013538, 41.944315324085814, 69.98183518707468, 66.81509012701483, 42.53660279187261, 15.613614144321888], [18.942763072013538, 0.0, 94.44924881543749, 48.74916292879083, 3.222836243128407, 86.86986685194766, 31.52165876911364], [41.944315324085814, 94.44924881543749, 0.0, 72.74999697753053, 56.39368345627434, 90.27325585570433, 46.05935614494562], [69.98183518707468, 48.74916292879083, 72.74999697753053, 0.0, 23.315840344052617, 77.11958589653116, 55.41036389921177], [66.81509012701483, 3.222836243128407, 56.39368345627434, 23.315840344052617, 0.0, 92.55727877146089, 55.36666348312702], [42.53660279187261, 86.86986685194766, 90.27325585570433, 77.11958589653116, 92.55727877146089, 0.0, 45.53598750211058], [15.613614144321888, 31.52165876911364, 46.05935614494562, 55.41036389921177, 55.36666348312702, 45.53598750211058, 0.0]]"
39,2,"[[6.687399701558272, 18.391990724818864], [30.54503021678715, 61.947537665590914]]","[[0.0, 49.66157672799945], [49.66157672799945, 0.0]]"
40,5,"[[36.80875019427033, 19.65545695453367], [65.22731609138125, 57.15190220189099], [43.5079904265817, 45.097210146866864], [18.44330424239772, 16.43920344456391], [12.871569367960545, 39.431551679295914]]","[[0.0, 65.86160788592277, 26.308983735405203, 29.52942814907704, 31.049678717729464], [65.86160788592277, 0.0, 24.84038461608601, 62.01828443927399, 55.27327598044659], [26.308983735405203, 24.84038461608601, 0.0, 25.666763241834985, 31.155898015500757], [29.52942814907704, 62.01828443927399, 25.666763241834985, 0.0, 23.657817034929565], [31.049678717729464, 55.27327598044659, 31.155898015500757, 23.657817034929565, 0.0]]"
